  0 : 123
  0,0 : 30.75
  0,1 : 61.5
  0,2 : 92.25
  0,0,0 : 7.6875
  0,0,1 : 15.375
  0,0,2 : 23.0625
  0,1,2 : 46.125
  0,2,2 : 69.1875
  0,0,0,0 : 1.921875
  0,0,0,1 : 3.84375
  0,0,0,2 : 5.765625
  0,0,1,2 : 11.53125
  0,0,2,2 : 17.296875
  0,1,2,2 : 34.59375
  0,2,2,2 : 51.890625
  0,0,0,0,0 : 0.48046875
  0,0,0,0,1 : 0.9609375
  0,0,0,0,2 : 1.44140625
  0,0,0,1,2 : 2.8828125
  0,0,0,2,2 : 4.32421875
  0,0,1,2,2 : 8.6484375
  0,0,2,2,2 : 12.97265625
  0,1,2,2,2 : 25.9453125
  0,2,2,2,2 : 38.91796875
  0,0,0,0,0,0 : 0.1201171875
  0,0,0,0,0,1 : 0.240234375
  0,0,0,0,0,2 : 0.3603515625
  0,0,0,0,1,2 : 0.720703125
  0,0,0,0,2,2 : 1.0810546875
  0,0,0,1,2,2 : 2.162109375
  0,0,0,2,2,2 : 3.2431640625
  0,0,1,2,2,2 : 6.486328125
  0,0,2,2,2,2 : 9.7294921875
  0,1,2,2,2,2 : 19.458984375
  0,2,2,2,2,2 : 29.1884765625
  0,0,0,0,0,0,0 : 0.030029296875
  0,0,0,0,0,0,1 : 0.06005859375
  0,0,0,0,0,0,2 : 0.090087890625
  0,0,0,0,0,1,2 : 0.18017578125
  0,0,0,0,0,2,2 : 0.270263671875
  0,0,0,0,1,2,2 : 0.54052734375
  0,0,0,0,2,2,2 : 0.810791015625
  0,0,0,1,2,2,2 : 1.62158203125
  0,0,0,2,2,2,2 : 2.432373046875
  0,0,1,2,2,2,2 : 4.86474609375
  0,0,2,2,2,2,2 : 7.297119140625
  0,1,2,2,2,2,2 : 14.59423828125
  0,2,2,2,2,2,2 : 21.891357421875
  0,0,0,0,0,0,0,0 : 0.00750732421875
  0,0,0,0,0,0,0,1 : 0.0150146484375
  0,0,0,0,0,0,0,2 : 0.02252197265625
  0,0,0,0,0,0,1,2 : 0.0450439453125
  0,0,0,0,0,0,2,2 : 0.06756591796875
  0,0,0,0,0,1,2,2 : 0.1351318359375
  0,0,0,0,0,2,2,2 : 0.20269775390625
  0,0,0,0,1,2,2,2 : 0.4053955078125
  0,0,0,0,2,2,2,2 : 0.60809326171875
  0,0,0,1,2,2,2,2 : 1.2161865234375
  0,0,0,2,2,2,2,2 : 1.82427978515625
  0,0,1,2,2,2,2,2 : 3.6485595703125
  0,0,2,2,2,2,2,2 : 5.47283935546875
  0,1,2,2,2,2,2,2 : 10.9456787109375
  0,2,2,2,2,2,2,2 : 16.41851806640625
  0,0,0,0,0,0,0,0,0 : 0.0018768310546875
  0,0,0,0,0,0,0,0,1 : 0.003753662109375
  0,0,0,0,0,0,0,0,2 : 0.0056304931640625
  0,0,0,0,0,0,0,1,2 : 0.011260986328125
  0,0,0,0,0,0,0,2,2 : 0.0168914794921875
  0,0,0,0,0,0,1,2,2 : 0.033782958984375
  0,0,0,0,0,0,2,2,2 : 0.0506744384765625
  0,0,0,0,0,1,2,2,2 : 0.101348876953125
  0,0,0,0,0,2,2,2,2 : 0.1520233154296875
  0,0,0,0,1,2,2,2,2 : 0.304046630859375
  0,0,0,0,2,2,2,2,2 : 0.4560699462890625
  0,0,0,1,2,2,2,2,2 : 0.912139892578125
  0,0,0,2,2,2,2,2,2 : 1.3682098388671875
  0,0,1,2,2,2,2,2,2 : 2.736419677734375
  0,0,2,2,2,2,2,2,2 : 4.1046295166015625
  0,1,2,2,2,2,2,2,2 : 8.209259033203125
  0,2,2,2,2,2,2,2,2 : 12.313888549804688
  0,0,0,0,0,0,0,0,0,0 : 0.000469207763671875
  0,0,0,0,0,0,0,0,0,1 : 0.00093841552734375
  0,0,0,0,0,0,0,0,0,2 : 0.001407623291015625
  0,0,0,0,0,0,0,0,1,2 : 0.00281524658203125
  0,0,0,0,0,0,0,0,2,2 : 0.004222869873046875
  0,0,0,0,0,0,0,1,2,2 : 0.00844573974609375
  0,0,0,0,0,0,0,2,2,2 : 0.012668609619140625
  0,0,0,0,0,0,1,2,2,2 : 0.02533721923828125
  0,0,0,0,0,0,2,2,2,2 : 0.038005828857421875
  0,0,0,0,0,1,2,2,2,2 : 0.07601165771484375
  0,0,0,0,0,2,2,2,2,2 : 0.11401748657226562
  0,0,0,0,1,2,2,2,2,2 : 0.22803497314453125
  0,0,0,0,2,2,2,2,2,2 : 0.3420524597167969
  0,0,0,1,2,2,2,2,2,2 : 0.6841049194335938
  0,0,0,2,2,2,2,2,2,2 : 1.0261573791503906
  0,0,1,2,2,2,2,2,2,2 : 2.0523147583007812
  0,0,2,2,2,2,2,2,2,2 : 3.078472137451172
  0,1,2,2,2,2,2,2,2,2 : 6.156944274902344
  0,2,2,2,2,2,2,2,2,2 : 9.235416412353516
  0,0,0,0,0,0,0,0,0,0,0 : 0.00011730194091796875
  0,0,0,0,0,0,0,0,0,0,1 : 0.0002346038818359375
  0,0,0,0,0,0,0,0,0,0,2 : 0.00035190582275390625
  0,0,0,0,0,0,0,0,0,1,2 : 0.0007038116455078125
  0,0,0,0,0,0,0,0,0,2,2 : 0.0010557174682617188
  0,0,0,0,0,0,0,0,1,2,2 : 0.0021114349365234375
  0,0,0,0,0,0,0,0,2,2,2 : 0.0031671524047851562
  0,0,0,0,0,0,0,1,2,2,2 : 0.0063343048095703125
  0,0,0,0,0,0,0,2,2,2,2 : 0.009501457214355469
  0,0,0,0,0,0,1,2,2,2,2 : 0.019002914428710938
  0,0,0,0,0,0,2,2,2,2,2 : 0.028504371643066406
  0,0,0,0,0,1,2,2,2,2,2 : 0.05700874328613281
  0,0,0,0,0,2,2,2,2,2,2 : 0.08551311492919922
  0,0,0,0,1,2,2,2,2,2,2 : 0.17102622985839844
  0,0,0,0,2,2,2,2,2,2,2 : 0.25653934478759766
  0,0,0,1,2,2,2,2,2,2,2 : 0.5130786895751953
  0,0,0,2,2,2,2,2,2,2,2 : 0.769618034362793
  0,0,1,2,2,2,2,2,2,2,2 : 1.539236068725586
  0,0,2,2,2,2,2,2,2,2,2 : 2.308854103088379
  0,1,2,2,2,2,2,2,2,2,2 : 4.617708206176758
  0,2,2,2,2,2,2,2,2,2,2 : 6.926562309265137
